z    mass    j
10.0   31622776601.683792   7.719e+01
10.0   31622.776601683792   5.082e+01
10.0   316227.7660168379   5.108e+01
10.0   3162277.6601683795   5.152e+01
10.0   31622776.60168379   5.238e+01
10.0   316227766.01683795   5.425e+01
10.0   3162277660.1683793   5.939e+01
11.0   31622776601.683792   9.810e+01
11.0   31622.776601683792   5.067e+01
11.0   316227.7660168379   5.100e+01
11.0   3162277.6601683795   5.158e+01
11.0   31622776.60168379   5.277e+01
11.0   316227766.01683795   5.554e+01
11.0   3162277660.1683793   6.429e+01
12.0   31622776601.683792   1.342e+02
12.0   31622.776601683792   4.803e+01
12.0   316227.7660168379   4.843e+01
12.0   3162277.6601683795   4.914e+01
12.0   31622776.60168379   5.074e+01
12.0   316227766.01683795   5.533e+01
12.0   3162277660.1683793   6.945e+01
13.0   31622776601.683792   2.059e+02
13.0   31622.776601683792   4.396e+01
13.0   316227.7660168379   4.442e+01
13.0   3162277.6601683795   4.530e+01
13.0   31622776.60168379   4.744e+01
13.0   316227766.01683795   5.383e+01
13.0   3162277660.1683793   7.665e+01
14.0   31622776601.683792   3.604e+02
14.0   31622.776601683792   3.832e+01
14.0   316227.7660168379   3.884e+01
14.0   3162277.6601683795   3.986e+01
14.0   31622776.60168379   4.309e+01
14.0   316227766.01683795   5.208e+01
14.0   3162277660.1683793   8.979e+01
15.0   31622776601.683792   6.803e+02
15.0   31622.776601683792   3.250e+01
15.0   316227.7660168379   3.306e+01
15.0   3162277.6601683795   3.425e+01
15.0   31622776.60168379   3.831e+01
15.0   316227766.01683795   5.223e+01
15.0   3162277660.1683793   1.151e+02
16.0   31622776601.683792   1.453e+03
16.0   31622.776601683792   2.669e+01
16.0   316227.7660168379   2.728e+01
16.0   3162277.6601683795   2.865e+01
16.0   31622776.60168379   3.386e+01
16.0   316227766.01683795   5.429e+01
16.0   3162277660.1683793   1.624e+02
17.0   31622776601.683792   3.128e+03
17.0   31622.776601683792   2.124e+01
17.0   316227.7660168379   2.185e+01
17.0   3162277.6601683795   2.341e+01
17.0   31622776.60168379   3.021e+01
17.0   316227766.01683795   6.057e+01
17.0   3162277660.1683793   2.494e+02
18.0   31622776601.683792   7.411e+03
18.0   31622.776601683792   1.642e+01
18.0   316227.7660168379   1.705e+01
18.0   3162277.6601683795   1.882e+01
18.0   31622776.60168379   2.786e+01
18.0   316227766.01683795   7.438e+01
18.0   3162277660.1683793   4.080e+02
19.0   31622776601.683792   1.737e+04
19.0   31622.776601683792   1.236e+01
19.0   316227.7660168379   1.299e+01
19.0   3162277.6601683795   1.517e+01
19.0   31622776.60168379   2.749e+01
19.0   316227766.01683795   9.835e+01
19.0   3162277660.1683793   7.033e+02
20.0   31622776601.683792   4.442e+04
20.0   31622.776601683792   9.073e+00
20.0   316227.7660168379   9.806e+00
20.0   3162277.6601683795   1.217e+01
20.0   31622776.60168379   2.937e+01
20.0   316227766.01683795   1.385e+02
20.0   3162277660.1683793   1.277e+03
21.0   31622776601.683792   1.165e+05
21.0   31622.776601683792   6.587e+00
21.0   316227.7660168379   7.230e+00
21.0   3162277.6601683795   9.979e+00
21.0   31622776.60168379   3.412e+01
21.0   316227766.01683795   2.053e+02
21.0   3162277660.1683793   2.341e+03
22.0   31622776601.683792   3.064e+05
22.0   31622.776601683792   4.641e+00
22.0   316227.7660168379   5.282e+00
22.0   3162277.6601683795   8.609e+00
22.0   31622776.60168379   4.230e+01
22.0   316227766.01683795   3.135e+02
22.0   3162277660.1683793   4.483e+03
23.0   31622776601.683792   8.919e+05
23.0   31622.776601683792   3.202e+00
23.0   316227.7660168379   3.882e+00
23.0   3162277.6601683795   7.858e+00
23.0   31622776.60168379   5.618e+01
23.0   316227766.01683795   4.902e+02
23.0   3162277660.1683793   8.661e+03
24.0   31622776601.683792   2.573e+06
24.0   31622.776601683792   2.202e+00
24.0   316227.7660168379   2.852e+00
24.0   3162277.6601683795   7.633e+00
24.0   31622776.60168379   7.744e+01
24.0   316227766.01683795   7.847e+02
24.0   3162277660.1683793   1.713e+04
25.0   31622776601.683792   7.623e+06
25.0   31622.776601683792   1.485e+00
25.0   316227.7660168379   2.162e+00
25.0   3162277.6601683795   8.050e+00
25.0   31622776.60168379   1.086e+02
25.0   316227766.01683795   1.269e+03
25.0   3162277660.1683793   3.541e+04
26.0   31622776601.683792   2.474e+07
26.0   31622.776601683792   1.007e+00
26.0   316227.7660168379   1.678e+00
26.0   3162277.6601683795   8.959e+00
26.0   31622776.60168379   1.570e+02
26.0   316227766.01683795   2.081e+03
26.0   3162277660.1683793   7.376e+04
27.0   31622776601.683792   8.262e+07
27.0   31622.776601683792   6.813e-01
27.0   316227.7660168379   1.373e+00
27.0   3162277.6601683795   1.057e+01
27.0   31622776.60168379   2.295e+02
27.0   316227766.01683795   3.480e+03
27.0   3162277660.1683793   1.566e+05
28.0   31622776601.683792   2.668e+08
28.0   31622.776601683792   4.589e-01
28.0   316227.7660168379   1.178e+00
28.0   3162277.6601683795   1.281e+01
28.0   31622776.60168379   3.396e+02
28.0   316227766.01683795   5.950e+03
28.0   3162277660.1683793   3.477e+05
29.0   31622776601.683792   9.569e+08
29.0   31622.776601683792   3.183e-01
29.0   316227.7660168379   1.056e+00
29.0   3162277.6601683795   1.613e+01
29.0   31622776.60168379   5.078e+02
29.0   316227766.01683795   1.015e+04
29.0   3162277660.1683793   7.962e+05
30.0   31622776601.683792   3.763e+09
30.0   31622.776601683792   2.245e-01
30.0   316227.7660168379   1.000e+00
30.0   3162277.6601683795   2.054e+01
30.0   31622776.60168379   7.664e+02
30.0   316227766.01683795   1.769e+04
30.0   3162277660.1683793   1.788e+06
31.0   31622776601.683792   1.376e+10
31.0   31622.776601683792   1.652e-01
31.0   316227.7660168379   9.835e-01
31.0   3162277.6601683795   2.692e+01
31.0   31622776.60168379   1.150e+03
31.0   316227766.01683795   3.149e+04
31.0   3162277660.1683793   4.226e+06
32.0   31622776601.683792   5.187e+10
32.0   31622.776601683792   1.257e-01
32.0   316227.7660168379   9.830e-01
32.0   3162277.6601683795   3.575e+01
32.0   31622776.60168379   1.764e+03
32.0   316227766.01683795   5.622e+04
32.0   3162277660.1683793   1.036e+07
33.0   31622776601.683792   2.168e+11
33.0   31622.776601683792   9.882e-02
33.0   316227.7660168379   1.011e+00
33.0   3162277.6601683795   4.766e+01
33.0   31622776.60168379   2.735e+03
33.0   316227766.01683795   1.016e+05
33.0   3162277660.1683793   2.595e+07
34.0   31622776601.683792   1.036e+12
34.0   31622.776601683792   7.988e-02
34.0   316227.7660168379   1.061e+00
34.0   3162277.6601683795   6.512e+01
34.0   31622776.60168379   4.267e+03
34.0   316227766.01683795   1.880e+05
34.0   3162277660.1683793   6.436e+07
35.0   31622776601.683792   4.398e+12
35.0   31622.776601683792   6.670e-02
35.0   316227.7660168379   1.112e+00
35.0   3162277.6601683795   8.899e+01
35.0   31622776.60168379   6.702e+03
35.0   316227766.01683795   3.571e+05
35.0   3162277660.1683793   1.651e+08
36.0   31622776601.683792   1.876e+13
36.0   31622.776601683792   5.699e-02
36.0   316227.7660168379   1.192e+00
36.0   3162277.6601683795   1.247e+02
36.0   31622776.60168379   1.061e+04
36.0   316227766.01683795   6.761e+05
36.0   3162277660.1683793   4.509e+08
37.0   31622776601.683792   8.943e+13
37.0   31622.776601683792   4.887e-02
37.0   316227.7660168379   1.273e+00
37.0   3162277.6601683795   1.764e+02
37.0   31622776.60168379   1.702e+04
37.0   316227766.01683795   1.297e+06
37.0   3162277660.1683793   1.297e+09
38.0   31622776601.683792   4.884e+14
38.0   31622.776601683792   4.287e-02
38.0   316227.7660168379   1.387e+00
38.0   3162277.6601683795   2.526e+02
38.0   31622776.60168379   2.757e+04
38.0   316227766.01683795   2.544e+06
38.0   3162277660.1683793   3.459e+09
39.0   31622776601.683792   2.835e+15
39.0   31622.776601683792   3.793e-02
39.0   316227.7660168379   1.523e+00
39.0   3162277.6601683795   3.628e+02
39.0   31622776.60168379   4.474e+04
39.0   316227766.01683795   5.162e+06
39.0   3162277660.1683793   9.744e+09
40.0   31622776601.683792   1.386e+16
40.0   31622.776601683792   3.370e-02
40.0   316227.7660168379   1.680e+00
40.0   3162277.6601683795   5.315e+02
40.0   31622776.60168379   7.343e+04
40.0   316227766.01683795   1.069e+07
40.0   3162277660.1683793   2.807e+10
41.0   31622776601.683792   7.106e+16
41.0   31622.776601683792   2.987e-02
41.0   316227.7660168379   1.853e+00
41.0   3162277.6601683795   7.885e+02
41.0   31622776.60168379   1.215e+05
41.0   316227766.01683795   2.172e+07
41.0   3162277660.1683793   8.797e+10
42.0   31622776601.683792   4.066e+17
42.0   31622.776601683792   2.680e-02
42.0   316227.7660168379   2.076e+00
42.0   3162277.6601683795   1.182e+03
42.0   31622776.60168379   2.041e+05
42.0   316227766.01683795   4.489e+07
42.0   3162277660.1683793   2.909e+11
43.0   31622776601.683792   2.807e+18
43.0   31622.776601683792   2.401e-02
43.0   316227.7660168379   2.333e+00
43.0   3162277.6601683795   1.771e+03
43.0   31622776.60168379   3.504e+05
43.0   316227766.01683795   9.513e+07
43.0   3162277660.1683793   8.700e+11
44.0   31622776601.683792   2.132e+19
44.0   31622.776601683792   2.161e-02
44.0   316227.7660168379   2.643e+00
44.0   3162277.6601683795   2.716e+03
44.0   31622776.60168379   5.969e+05
44.0   316227766.01683795   2.077e+08
44.0   3162277660.1683793   2.704e+12
45.0   31622776601.683792   1.252e+20
45.0   31622.776601683792   1.934e-02
45.0   316227.7660168379   3.018e+00
45.0   3162277.6601683795   4.208e+03
45.0   31622776.60168379   1.025e+06
45.0   316227766.01683795   4.662e+08
45.0   3162277660.1683793   8.820e+12
46.0   31622776601.683792   7.642e+20
46.0   31622.776601683792   1.759e-02
46.0   316227.7660168379   3.445e+00
46.0   3162277.6601683795   6.584e+03
46.0   31622776.60168379   1.783e+06
46.0   316227766.01683795   1.033e+09
46.0   3162277660.1683793   3.087e+13
47.0   31622776601.683792   4.993e+21
47.0   31622.776601683792   1.605e-02
47.0   316227.7660168379   4.004e+00
47.0   3162277.6601683795   1.038e+04
47.0   31622776.60168379   3.126e+06
47.0   316227766.01683795   2.321e+09
47.0   3162277660.1683793   1.165e+14
48.0   31622776601.683792   3.835e+22
48.0   31622.776601683792   1.458e-02
48.0   316227.7660168379   4.658e+00
48.0   3162277.6601683795   1.632e+04
48.0   31622776.60168379   5.589e+06
48.0   316227766.01683795   5.285e+09
48.0   3162277660.1683793   4.171e+14
49.0   31622776601.683792   3.554e+23
49.0   31622.776601683792   1.328e-02
49.0   316227.7660168379   5.457e+00
49.0   3162277.6601683795   2.590e+04
49.0   31622776.60168379   1.008e+07
49.0   316227766.01683795   1.248e+10
49.0   3162277660.1683793   1.445e+15
50.0   31622776601.683792   3.420e+24
50.0   31622.776601683792   1.216e-02
50.0   316227.7660168379   6.454e+00
50.0   3162277.6601683795   4.107e+04
50.0   31622776.60168379   1.821e+07
50.0   316227766.01683795   3.019e+10
50.0   3162277660.1683793   4.963e+15
6.0   31622776601.683792   2.784e+01
6.0   31622.776601683792   2.594e+01
6.0   316227.7660168379   2.598e+01
6.0   3162277.6601683795   2.605e+01
6.0   31622776.60168379   2.617e+01
6.0   316227766.01683795   2.639e+01
6.0   3162277660.1683793   2.681e+01
7.0   31622776601.683792   3.896e+01
7.0   31622.776601683792   3.504e+01
7.0   316227.7660168379   3.512e+01
7.0   3162277.6601683795   3.525e+01
7.0   31622776.60168379   3.547e+01
7.0   316227766.01683795   3.590e+01
7.0   3162277660.1683793   3.672e+01
8.0   31622776601.683792   5.103e+01
8.0   31622.776601683792   4.260e+01
8.0   316227.7660168379   4.273e+01
8.0   3162277.6601683795   4.295e+01
8.0   31622776.60168379   4.332e+01
8.0   316227766.01683795   4.407e+01
8.0   3162277660.1683793   4.599e+01
9.0   31622776601.683792   6.296e+01
9.0   31622.776601683792   4.814e+01
9.0   316227.7660168379   4.834e+01
9.0   3162277.6601683795   4.865e+01
9.0   31622776.60168379   4.924e+01
9.0   316227766.01683795   5.045e+01
9.0   3162277660.1683793   5.346e+01
