0.019608
0.019999
0.020398
0.020805
0.021220
0.021644
0.022076
0.022516
0.022965
0.023424
0.023891
0.024368
0.024854
0.025350
0.025856
0.026372
0.026898
0.027435
0.027982
0.028541
0.029110
0.029691
0.030284
0.030888
0.031504
0.032133
0.032774
0.033428
0.034095
0.034775
0.035469
0.036177
0.036899
0.037635
0.038386
0.039152
0.039933
0.040730
0.041543
0.042372
0.043218
0.044080
0.044960
0.045857
0.046772
0.047705
0.048657
0.049628
0.050618
0.051628
0.052658
0.053709
0.054781
0.055874
0.056989
0.058126
0.059286
0.060469
0.061676
0.062906
0.064162
0.065442
0.066748
0.068080
0.069438
0.070824
0.072237
0.073678
0.075149
0.076648
0.078178
0.079738
0.081329
0.082952
0.084607
0.086295
0.088017
0.089773
0.091565
0.093392
0.095256
0.097156
0.099095
0.101072
0.103089
0.105146
0.107244
0.109384
0.111567
0.113793
0.116064
0.118380
0.120742
0.123152
0.125609
0.128115
0.130672
0.133279
0.135939
0.138651
0.141418
0.144240
0.147118
0.150054
0.153048
0.156102
0.159217
0.162394
0.165635
0.168940
0.172311
0.175749
0.179256
0.182833
0.186482
0.190203
0.193998
0.197869
0.201818
0.205845
0.209952
0.214142
0.218415
0.222773
0.227218
0.231752
0.236377
0.241094
0.245904
0.250811
0.255816
0.260921
0.266127
0.271438
0.276854
0.282379
0.288013
0.293760
0.299622
0.305601
0.311699
0.317919
0.324263
0.330733
0.337333
0.344064
0.350930
0.357932
0.365075
0.372359
0.379790
0.387368
0.395098
0.402982
0.411023
0.419225
0.427590
0.436122
0.444825
0.453701
0.462754
0.471988
0.481407
0.491013
0.500811
0.510804
0.520997
0.531393
0.541997
0.552812
0.563843
0.575094
0.586570
0.598274
0.610213
0.622389
0.634808
0.647476
0.660396
0.673573
0.687014
0.700723
0.714706
0.728967
0.743513
0.758350
0.773482
0.788916
0.804659
0.820715
0.837092
0.853796
0.870833
0.888210
0.905933
0.924011
0.942449
0.961255
0.980436
1.000000
